736 1648
832 1088
1680 960
1824 2096
1040 2480
224 1968
848 1264
1440 1504
1232 2208
432 2048
704 1120
1552 976
1616 1696
912 1824
944 1392
1408 928
1664 1936
1040 1888
240 1600
896 800
1568 1152
1744 2016
656 1984
560 1472
1280 1232
1568 1936
784 2432
272 1792
624 1136
1248 1296
1312 1728
976 1600
1248 1072
1664 1280
1696 2064
768 1920
800 1280
1440 960
1584 1808
1200 2240
320 1776
560 1072
1120 1072
1200 1728
688 1648
736 1216
1360 1072
1744 1824
1120 2176
592 1968
1008 1424
1376 1568
1024 2192
608 1648
864 1024
1728 1152
1616 2032
976 1968
528 1184
1232 832
1424 1200
1424 1872
688 1920
880 1152
1408 1696
896 2304
320 1728
464 1184
1280 992
1360 1808
864 1888
496 1584
1200 928
1744 1584
1552 2080
704 1984
816 1200
1584 1120
1648 2064
960 2128
528 1600
1328 992
1552 1248
1088 2048
576 1472
688 960
1408 1536
1296 1648
768 1792
784 1296
1072 1360
1584 1872
880 2032
624 1872
816 1104
1696 1488
1264 2320
544 2048
688 1104
1536 1248
1552 1808
1024 2272
672 1360
1120 1024
1616 1488
1136 1952
608 1440
992 1168
1456 1424
1360 2032
720 1984
448 1264
1216 1280
1456 1984
784 2144
256 1728
592 832
1360 1440
1552 1872
672 1776
1120 896
1744 1104
1936 1984
1264 2320
656 1664
1168 1008
1456 1456
880 2016
480 1680
704 1008
1488 1520
992 1728
464 1776
560 1056
1440 1152
1824 1696
768 2208
480 1632
656 1072
1584 1216
1360 1728
752 2000
960 1392
1456 1120
1504 1872
944 1952
720 1200
1312 1200
1280 1856
624 1680
480 1584
544 768
2160 1200
1536 2464
928 2128
384 1456
1632 864
1520 1808
1088 2384
160 1872
1104 1104
1376 1296
1392 1760
944 1456
1232 752
1888 1328
1776 1984
1072 2352
704 1552
1344 1344
1264 1792
912 2224
320 1616
464 768
1440 1040
1360 1856
624 2112
640 1392
1296 1280
1344 1856
896 1808
496 1584
1248 1056
1568 1600
1520 2208
448 1952
928 1248
1616 1216
1488 1968
768 2096
496 1344
1120 864
1824 1264
1328 1920
720 1680
864 1120
1776 1488
1200 2272
352 2000
544 1120
1200 1040
1424 1968
656 2256
352 1520
992 944
1712 1312
1440 2128
912 1936
848 1136
1760 1264
1664 2096
960 2096
496 1488
1216 1104
1440 1552
864 2080
480 1312
752 688
1664 1072
1424 1888
864 2048
576 1504
1248 1056
1488 1856
880 2000
656 1584
976 1136
1600 1840
1248 2352
400 2080
624 1424
1184 1008
1600 1648
1024 1648
816 1216
1392 800
1808 1680
1248 2128
560 1632
912 1216
1568 1312
1408 2160
704 2112
560 1552
1184 1376
1248 1696
656 1824
688 1136
1264 1120
1632 1600
1120 2192
448 1936
672 1008
1584 1072
1680 1728
1248 2128
512 1696
1184 1200
1488 1584
832 2048
288 1488
752 896
1840 1136
1568 1936
720 1968
848 1392
1264 1472
1472 2064
832 2192
176 1696
800 976
1264 1248
1424 2144
608 1552
960 1040
2000 1264
1504 1984
1152 2096
576 1472
1216 1200
1440 1344
1040 1856
448 1616
848 944
1696 1472
1408 2224
544 2176
304 1296
752 1072
1328 1376
768 1776
320 1584
848 688
1872 1328
1616 2096
784 2160
896 1360
1760 1424
1632 2208
848 2400
544 1376
1136 960
1824 1536
1072 2064
480 1536
736 704
1536 1312
1296 1792
768 1808
336 1168
1104 768
1856 1648
1008 1872
864 1792
928 1216
1568 1696
1152 1920
528 1952
1008 1136
2000 1488
1632 2080
688 2176
512 1200
1040 848
1536 1360
1248 1936
496 1680
976 800
1600 1152
1472 2192
848 2016
480 1456
1232 1360
1120 1888
608 1968
320 1360
1280 736
1744 1216
1760 2128
928 2112
1072 1536
1584 1312
1328 2208
656 2240
240 1168
1120 944
1536 1312
960 1680
704 1184
1152 848
1568 1440
1248 2128
640 1952
464 1264
1216 1040
1520 1840
1088 2224
336 1728
912 1152
1440 1552
1328 1888
528 1792
1072 1120
1600 1392
1856 2192
896 2400
640 1488
1136 1088
1520 1504
960 2112
480 1632
368 784
1568 1168
1344 1680
800 1792
912 1104
1536 880
1520 1952
928 2288
512 1936
896 1360
1520 1600
1200 2320
416 1824
544 1072
1488 800
1584 1632
1024 1936
704 1120
1232 992
1744 1328
1216 2144
832 1616
912 1232
1632 1424
1216 2224
496 2080
368 1392
944 1200
1520 1792
1200 2128
592 1776
992 1120
1584 1440
1136 1936
704 1712
960 720
1696 1216
1984 1792
1184 2432
912 1792
1008 1104
1440 1600
1056 1952
320 1536
752 928
1632 1264
1344 1920
528 1824
416 896
1280 912
1552 1856
1024 2288
496 1712
992 1440
1424 1728
1152 2160
320 1824
592 912
1536 784
1488 1632
1152 2192
688 1408
1360 1136
1664 1808
1056 2208
320 1776
800 1008
1472 1440
1296 2064
320 1952
352 1440
1136 896
1504 1616
1024 1920
480 1760
1200 1040
1632 1664
1376 2128
544 1904
864 1120
1632 1264
1680 1872
896 2128
640 1440
992 912
1536 1616
1136 2080
448 1744
784 1024
1328 1424
1360 2160
400 1952
480 1216
1344 752
1504 1744
1152 2096
688 1760
1296 1120
1584 1664
1376 2096
448 2000
672 1216
1664 1360
1424 1920
624 2128
736 1152
1440 880
1760 1584
1328 2192
800 1872
688 1232
1264 1184
1024 1984
448 1744
336 1152
1408 816
1744 1584
1456 2128
832 1856
1104 1440
1568 1744
1024 2128
368 2000
768 1120
1568 1280
1584 2016
576 2096
304 1248
1104 720
1584 1392
1264 1968
736 1520
880 752
1552 1104
1552 2096
704 1808
832 1408
1424 1184
1616 1744
928 2032
160 1744
960 1088
1616 1504
1152 2224
432 1760
768 912
1664 1072
1536 1920
1024 2048
640 1456
1216 1008
1760 1424
1216 2192
864 1840
704 1248
1392 1584
1072 2000
336 1856
480 1136
1120 1104
1616 1744
848 2176
608 1504
1136 1136
1600 1520
1280 2464
496 1584
336 960
1712 1040
1568 1728
1008 2096
704 1328
1168 976
1648 1728
1024 2064
464 1904
1024 1024
1184 1344
1360 2048
608 1744
560 1216
1376 912
1680 1760
896 2160
448 1648
1104 928
1584 1632
1040 2400
736 1984
544 1520
1328 1232
1408 1664
912 1744
656 1296
1168 1136
2032 1328
1344 2064
624 1712
1072 832
1488 1808
1280 2192
304 2240
480 1040
1040 960
1552 1552
1008 2000
592 1440
1216 992
1648 1296
1200 1840
800 1872
928 1136
1744 1376
1616 2032
672 2304
304 1280
928 992
1600 1264
1152 1872
736 1456
880 1136
1536 1296
1216 2096
592 1744
848 1120
1392 1104
1744 1920
944 2304
368 2016
848 1312
1408 1440
1408 2016
560 1584
816 1024
1520 1104
1408 1856
976 1728
720 1216
1504 1104
1584 1760
1312 2368
320 1936
560 1008
1312 1024
1264 1952
608 1728
544 1280
1520 992
1776 2016
976 2288
480 1936
800 1280
1344 1600
1120 1856
320 1648
816 944
1808 896
1744 1936
1120 1968
784 1440
1504 1008
1920 1648
992 2416
240 1824
560 1104
1520 1232
1488 1728
640 2064
688 1264
992 1328
1600 1872
720 1936
384 1680
1056 864
1696 1376
1520 1952
720 1920
960 1440
1520 1120
1600 2000
1120 2208
352 1584
1040 1008
1568 1632
912 2128
240 1616
656 832
1520 992
1632 1824
736 1840
672 1424
1280 1152
1232 1952
784 2144
448 1312
1200 912
1920 1408
1408 2288
720 1904
816 1296
1584 1072
1776 1968
1024 2208
592 1648
896 1216
1264 1600
1008 1968
288 1760
688 1024
1264 976
1488 1744
560 1760
832 1088
1648 1168
1920 1952
1088 2480
400 1872
736 1312
1408 1424
1104 1984
512 1792
816 864
1680 960
1824 1840
1072 2048
640 1792
1072 1216
1200 1760
1040 1808
464 1440
880 1040
1744 1184
1232 2288
480 2016
208 976
928 608
1648 1440
1072 1968
704 1888
1056 1440
1456 1760
1024 2272
512 1968
736 1136
1520 1200
1552 1888
720 2096
624 1328
1184 832
1536 1392
1408 2080
544 1712
800 1168
1408 1216
1216 1856
848 1664
704 1248
1568 1280
1632 1904
864 2288
320 1776
752 1104
1520 1376
1168 2160
512 1952
848 960
1520 1104
1552 1616
1216 1968
944 1488
1488 1488
1968 2400
1456 2160
256 1792
944 704
1504 1152
1376 1984
624 2256
128 1424
864 1200
1488 1328
1056 1856
592 1376
1072 1184
1728 1904
1264 2224
400 2048
672 1056
1712 1088
1648 1920
1264 2352
720 1520
960 1136
1488 1504
1072 1840
528 1472
672 1184
1696 1232
1376 1872
912 1840
640 1040
1552 1104
1600 1648
800 2208
400 1584
880 1088
1360 1392
1392 2144
736 2000
800 1472
1504 1248
1536 1840
1040 1984
752 1728
1360 1360
1600 1856
1072 1936
432 1488
976 688
1376 912
1552 2016
528 1808
352 1312
1392 1136
1584 1968
1104 2256
528 1600
880 1264
1344 1632
1040 2192
384 2000
704 1136
1360 1168
1680 1792
384 1936
336 368
1888 736
1776 1680
1312 2224
720 1776
560 1264
1328 1552
1472 1872
688 2080
736 1216
1536 1328
1360 1568
672 2240
112 1712
688 1280
1376 1248
1488 1904
736 1568
976 1024
1872 992
2016 1936
1120 2144
688 1664
1376 1008
1360 1648
1280 2176
464 1504
720 1008
1616 1232
1168 1904
528 2000
464 1184
1104 1168
1584 1648
912 1904
432 1632
1008 832
1488 1488
1264 2032
480 2000
816 1120
1632 1312
1600 2144
1008 2144
832 1536
1152 1216
1616 1552
880 2048
224 1424
784 912
1536 1312
1168 1856
592 1744
496 1104
1248 1248
1520 1552
960 2048
528 1632
1008 960
1584 1520
1296 2208
656 1872
768 1344
1440 1024
1472 1872
1008 2000
768 1616
1312 1088
1952 1872
1120 2352
288 1936
368 864
1136 896
1552 1568
672 1808
992 1024
1328 1280
1680 1792
1056 1744
656 1280
960 1072
1728 1664
1808 2400
432 2048
528 1408
1216 864
1360 1936
1152 2000
656 1232
1344 1200
1456 1760
736 2128
432 1568
912 928
1664 1264
1568 2096
624 2144
272 1456
1120 896
1392 1520
944 1968
656 1488
1168 944
1712 1488
1520 2368
432 2032
800 1120
1648 1152
1472 2112
640 2064
400 1296
1200 992
1648 1472
1296 2032
816 1568
992 1040
1664 1312
1456 2096
576 2160
496 1232
1152 1008
1520 1808
928 1968
512 1616
1216 1088
1728 1504
1040 2272
464 1952
768 1248
1536 1232
1456 2080
688 2016
368 1136
1184 592
1728 1280
1552 2272
576 1824
704 1232
1200 1392
1248 1904
672 1744
704 1152
1296 1104
1632 1888
816 2096
432 1728
832 816
1424 1376
1152 2128
480 1760
704 1120
1648 1184
1680 1968
928 2112
736 1552
1008 896
1760 1600
1056 2128
480 1776
1200 832
1552 1568
1216 2160
272 1792
272 1184
1232 992
1600 1744
1104 2064
640 1616
1328 1008
1760 1552
1408 2512
384 2016
448 1104
1376 1056
1504 1936
1040 1888
544 1664
864 1120
1680 1488
1232 2000
624 1392
1056 1008
1680 1200
1632 2464
624 2096
384 1248
944 1104
1456 1648
944 2256
304 1712
784 912
1616 1280
1440 1824
832 1856
1040 1328
1968 1392
1632 2288
688 2240
272 1584
1088 848
1680 1632
1328 1952
400 1776
480 1312
1184 928
1456 1936
640 1728
800 1296
1424 1008
1680 1952
1168 2304
352 1920
720 1280
1376 1216
1232 1808
368 1760
800 1136
1584 1072
1536 2048
1264 1872
912 1584
1472 1184
1360 1824
1200 2128
448 1600
448 976
1408 1232
1296 1872
768 1840
544 880
1472 1440
1504 1920
912 2192
512 1840
736 1296
1776 1408
1440 2064
720 2016
1168 1360
1680 1472
1360 2144
672 2144
368 1280
1200 976
1344 1584
944 2096
384 1568
960 720
1584 816
1664 1904
592 2016
544 1392
1168 1200
1520 1552
976 1968
480 1504
1184 1264
1776 1760
1184 2560
304 2208
208 1216
1248 1104
1488 1824
816 2080
640 1168
1296 688
2032 1392
1408 2112
752 1632
592 912
1120 1216
1520 2016
608 1696
640 1040
1328 1216
1424 2112
672 2448
80 1808
352 1200
1376 1312
1200 1936
608 1584
992 1248
1776 1168
1648 1808
1232 2160
432 1472
1152 1136
1712 1584
1216 2272
400 1696
640 928
1424 1280
1184 1744
432 1696
400 1072
1216 976
1584 1632
960 2256
544 1728
1008 992
1568 1584
1344 2048
736 2016
960 1168
1456 1328
1568 2112
752 1968
576 1360
1200 912
1856 1536
1136 2048
592 1776
512 960
1376 1296
1408 1856
832 1904
752 960
1376 1200
1600 1776
960 2096
560 1648
1136 1168
1536 1632
1296 2272
512 2064
416 1040
1472 1056
1504 1696
1056 1904
832 1344
1504 1008
1664 1520
1408 2256
512 1600
784 1184
1456 1200
1072 1952
576 1744
416 1136
1664 960
1680 1840
992 2464
64 1904
592 1248
1536 1232
1504 2032
608 1840
832 1440
1600 1408
1312 1952
544 1792
704 1248
1168 992
1568 1360
1376 1984
672 1648
1072 768
1744 1136
1424 2224
432 2000
416 1120
1120 1072
1472 1424
1248 1904
864 1712
880 1360
1456 1696
1168 2352
192 1904
624 1200
1520 960
1648 2016
880 2032
704 1152
1584 896
1920 1552
1472 2336
848 2016
784 1344
1392 1344
1008 1888
448 1840
176 1184
1152 1024
1840 1584
928 2016
688 1600
1040 1344
1488 1664
1104 2224
400 1776
656 1088
1728 992
1808 1728
1184 2256
848 1536
1344 1168
1456 1536
816 2128
240 1296
896 848
1472 1136
1296 1728
736 1520
544 1216
1408 912
1456 1792
1120 2080
448 1664
1184 1120
1552 1664
1424 2400
512 2208
576 1200
1296 928
1712 1632
1008 1696
656 1232
1536 944
1792 1696
1216 2192
480 1760
848 976
1456 1344
1488 1936
592 2064
336 1568
880 768
1328 1856
1072 1760
464 1504
1120 1248
1696 1424
1344 2240
704 2016
720 1328
1328 1328
1440 1904
624 1952
784 1200
1376 512
1856 1584
1552 2064
704 1952
832 1248
1296 1200
1088 2000
560 1696
464 1296
1456 976
1344 1712
896 1984
496 1568
1088 1216
1616 1600
1376 2368
672 2032
512 1200
1440 1232
1520 1632
1024 2064
864 1504
1104 1136
1408 1616
944 2064
544 1440
960 704
1840 1040
1760 1952
656 1936
464 1312
1152 1024
1440 1808
912 2064
512 1632
1056 976
1712 1424
1312 2336
448 2016
720 1296
1344 1104
1504 1728
1184 1920
1040 1408
1312 1232
1728 1696
880 2400
272 1792
640 704
1408 1152
1344 1904
400 1840
528 1264
1072 960
1472 1440
1056 1936
640 1520
1120 1264
1808 1552
1392 2416
416 2240
448 1328
1328 1168
1568 1584
1008 1744
896 1360
1408 1024
1520 1792
960 2016
128 1344
1056 640
1776 912
1872 1872
976 1920
384 1440
1296 1280
1312 1824
704 2240
320 1584
736 1024
1472 1408
1248 1808
656 1744
1328 1104
1712 1216
1728 2128
848 2192
688 1584
1184 1088
1600 1664
1104 2000
432 1776
672 752
1408 1040
1504 1856
736 1920
752 1072
1280 1360
1456 1984
672 2240
576 1696
848 832
1568 1584
1216 1856
448 1744
864 848
1856 880
1936 2112
1184 2144
720 1664
1168 1216
1760 1520
1104 2288
608 1760
608 1264
1312 1120
1056 1792
352 1680
384 896
1312 832
1504 1584
1024 2112
576 1680
1184 1136
1792 1456
1248 2128
768 2032
960 1184
1584 1632
1536 2080
464 2208
528 1344
1040 704
1600 1328
1216 1856
720 1616
768 880
1424 1456
1072 2000
384 2048
688 1056
1312 1232
1760 1600
944 2096
528 1680
896 992
1712 1488
1488 2128
656 2096
768 1408
1424 1376
1408 1824
848 1968
784 1360
1280 1072
1728 1488
1104 2224
544 1600
656 1040
1536 1072
1200 1632
960 1632
720 1040
1504 1424
1584 2176
704 2448
240 1696
1104 1168
1584 1424
1328 2064
640 1760
944 1056
1488 1360
1584 1952
1008 2192
560 1424
1376 816
1616 1360
1344 2160
672 1696
960 912
1760 1168
1408 2176
720 1776
400 1200
1296 1040
1568 1872
800 2192
192 1632
912 880
1712 1232
1568 2304
848 2080
880 1344
1440 1296
1536 1536
1120 1888
768 1104
1168 752
2208 1408
848 1968
448 2032
64 736
1616 1488
912 1712
1040 1536
640 1152
1120 1264
1680 1504
1824 1648
1024 1856
1040 1376
1504 1472
1232 2128
544 1904
736 960
1472 1040
1440 1744
832 1872
672 1120
1376 1072
1776 1488
1264 2000
688 1408
768 1248
1408 1136
1312 2000
560 1968
400 1184
1200 992
1504 1568
1152 1968
656 1728
1184 1296
1408 1696
1136 2336
640 1824
992 1264
1776 1264
1600 2208
960 2016
496 1120
1184 896
1520 1504
1312 2240
432 1696
704 896
1696 992
1520 1776
496 1712
464 1360
960 1248
1344 1632
736 1808
640 1472
1200 1152
1792 1728
1152 2400
400 1840
672 912
1728 1120
1936 1904
944 2272
656 1632
1328 480
2224 1312
1648 1712
960 1456
1040 800
1440 1168
1344 1808
848 1456
768 688
1504 752
2192 1360
1600 1936
1136 1600
1104 1024
1872 1440
1536 2112
816 1664
1088 912
1856 560
2080 1744
1376 1808
976 1376
1648 864
1920 1216
1472 1808
1040 1360
1200 704
1744 1040
1664 1472
832 1520
1200 672
1568 784
1984 1648
1536 2624
-272 2720
-3776 1280
-4416 -1344
-800 -2464
4000 -1360
7184 48
7856 1248
7088 1600
6944 1456
7936 560
7312 -864
3312 -1408
-2016 -1584
-4560 -384
-2704 1504
1712 2784
3440 1008
1600 -2752
-800 -4736
-1456 -1776
-864 3904
-848 7712
-528 7264
880 6032
1904 6624
1024 8512
-1168 7696
-2896 2464
-1584 -2880
1216 -4496
3568 -1856
3344 2064
416 3312
-3408 2272
-4640 -736
-1424 -2496
4112 -2320
7664 16
7648 1616
5952 1344
6560 304
8304 112
7728 -144
2736 -1056
-2768 -1696
-4336 -560
-1744 2144
1680 3696
2720 864
1808 -3424
304 -4784
-912 -944
-1648 4192
-672 6816
304 6896
1696 6720
1552 7328
192 8096
-1376 6240
-2064 2208
-1824 -2192
-112 -4480
2928 -2928
3680 1216
544 3808
-4016 2384
-4736 -1344
-864 -3168
5248 -1472
7648 1504
6800 1792
6480 1216
7616 736
8704 1200
6848 544
1920 -1616
-2640 -2768
-3792 -912
-2032 2560
1104 2784
3120 16
2624 -3536
96 -4464
-1584 -1040
-1568 3440
-176 7008
592 7872
512 7264
464 6496
752 7456
-592 6544
-2048 3280
-2928 -2528
304 -5296
4000 -2608
4224 2176
16 4112
-4336 1904
-4256 -1808
-208 -2640
4352 -1136
6912 128
7152 416
7424 768
7696 1648
7904 1248
5904 -368
2608 -1952
-2208 -1952
-4720 48
-3008 2224
1312 2672
3936 704
2112 -2464
-656 -3888
-1824 -1600
-832 3184
96 7248
288 7648
992 6528
1824 6400
1744 8224
-880 7632
-3120 2736
-2128 -3360
1520 -5184
4192 -2016
3152 2176
-848 3520
-4160 1600
-4496 -1376
-816 -2320
3872 -1792
7664 -16
8048 1168
7088 1872
6352 1760
7328 224
7376 -736
3136 -1520
-2144 -1456
-4272 -480
-2112 2016
2080 3200
3120 1168
1360 -3088
-896 -5104
-1344 -1952
-1120 3840
-704 7024
176 6880
1376 6384
1920 7600
608 8816
-1696 7376
-2624 2176
-1872 -2848
1008 -4032
3152 -1904
3360 1856
688 3584
-3664 2352
-4880 -928
-1200 -3312
4672 -2464
8000 64
7536 1792
6224 1440
6960 304
8752 512
7488 272
2320 -1120
-2608 -2320
-4032 -720
-1840 2704
1008 3776
2272 784
1856 -3728
448 -4544
-1152 -880
-1584 4048
-608 6816
784 7312
1360 6880
1024 7360
608 7600
-592 6032
-1488 2448
-1936 -2336
240 -4720
3520 -3024
4336 1808
512 4496
-4784 2624
-5392 -1616
-1024 -3232
4704 -1488
7040 672
6608 1216
6640 592
7888 768
8496 1120
6912 80
2736 -2048
-1408 -2160
-3568 112
-2240 3168
944 3040
3008 192
2544 -3184
-240 -3696
-2144 -1360
-1856 2976
-96 6448
608 7488
688 6592
912 6480
1168 7728
-480 7232
-2848 3360
-2880 -2832
480 -5312
4288 -2464
4160 2528
-144 4352
-4128 1696
-4560 -1456
-400 -2336
3792 -1328
6928 -320
7792 400
7376 1200
7440 1728
7552 880
6544 -848
3200 -1904
-2000 -1648
-4624 -32
-2896 1952
1760 2640
3536 960
1824 -2160
-1088 -4224
-2224 -1904
-864 3408
-288 7152
288 7616
1120 6112
2128 7040
1376 8928
-1008 7584
-3184 2656
-2048 -3520
1232 -5136
4032 -2016
3280 1792
-96 3584
-3696 1648
-4768 -928
-1664 -2752
3856 -2528
7712 -384
7936 1568
6672 1952
6736 1264
8016 544
7616 96
2592 -848
-2784 -1424
-4528 -832
-2000 1824
1920 3232
2848 1184
1824 -3392
-80 -5136
-752 -1552
-832 4064
-560 7232
304 7232
1232 6624
1264 7728
288 8336
-1472 6624
-2384 2128
-1824 -2592
208 -4464
2672 -2560
3616 1264
720 3504
-3616 2432
-4976 -976
-1040 -3168
5072 -1920
8144 656
7312 2096
6400 1440
7024 496
8496 816
6928 224
1920 -1568
-2528 -2800
-3936 -800
-2144 2304
864 3184
2528 80
2272 -3728
544 -4192
-1376 -560
-1712 4192
-176 6880
736 7584
1088 7584
640 7472
496 7664
-336 6512
-2160 2736
-2320 -2128
368 -3632
2560 -1152
416 848
-1840 400
384 -2736
3856 -4672
5840 -4496
2880 -3856
-1664 -4480
-3072 -4896
288 -3392
4544 704
4528 4816
816 5040
-3552 2848
-5376 1104
-4944 1872
-3360 4864
-1632 6944
-736 7232
-1072 4320
-2304 560
-1888 -2464
432 -2192
3936 -336
5840 144
4960 -1952
1488 -3568
-2672 -2672
-4544 -1168
-3904 -1296
-128 -3168
2752 -3952
4048 -992
4496 2896
5680 4608
6464 2336
4912 -1888
2192 -4784
1120 -4096
3216 -912
5536 2816
3616 4704
-1168 4048
-4288 3072
-2928 4368
560 6272
2304 6224
2832 2944
4496 496
6608 1808
5232 5184
640 6592
-3776 5152
-3856 3664
-480 4336
2720 5936
3216 5200
2464 1360
3264 -2016
5616 -2336
6416 752
4800 4768
2208 7392
1584 8032
4208 5440
7056 2352
7216 -720
3872 -3504
1312 -5216
2528 -5120
5744 -1680
6720 3424
4416 5952
2000 3920
2768 -640
4112 -2928
2336 -2112
-2400 -1488
-5232 -2512
-2352 -4640
2864 -3424
5456 -448
4720 1600
3952 768
4112 -1520
2928 -2816
-976 -2720
-4352 -1952
-3680 -1952
528 -1904
4224 -1632
4112 272
2160 3696
1280 6896
2608 7184
4816 3248
6336 -1360
6272 -1824
5184 1600
3408 5248
1424 5600
-832 4032
-3568 3344
-4816 4512
-2320 5456
2688 5520
6352 4400
5760 3536
2784 3920
-480 4048
-1536 3840
-1424 1344
-1360 -2224
-1280 -5216
-1664 -4992
-3392 -1808
-5824 864
-6208 -64
-2384 -2368
3536 -2816
5696 256
2544 3904
-2224 5920
-3232 6064
48 6224
4208 7072
5360 7216
3104 6640
-1136 4912
-4640 2624
-4560 -608
-512 -3424
4592 -4400
5920 -3760
2640 -3472
-2224 -4672
-2848 -5520
432 -3472
4368 848
4240 4256
1008 4864
-3504 2912
-5456 1264
-5408 1904
-3424 4528
-1200 7024
-640 7952
-1520 5024
-3056 416
-1984 -2912
864 -2080
4032 -80
5568 -96
5072 -2384
1696 -3904
-2112 -2672
-4464 -1136
-3904 -1536
112 -3296
3120 -3264
3664 -544
3824 2864
5392 3952
6640 2128
4736 -1696
1648 -4608
912 -4544
3232 -992
5712 2960
3712 5008
-1328 4224
-4272 3088
-2832 4768
96 6544
1744 5984
3088 2288
5088 368
6784 1984
5328 5088
864 6496
-3264 5088
-3680 4192
-848 4880
2128 5872
2800 4368
2624 1088
3472 -2320
5408 -2704
6304 448
4576 4528
2128 7808
1376 7728
3856 5328
7808 2160
7712 -288
3776 -2544
912 -4944
2368 -5456
6048 -1824
7040 3376
4352 6192
1968 3776
2912 -880
4320 -2816
2144 -2144
-3120 -2048
-4784 -3440
-2080 -4672
3056 -3424
5104 -496
4480 1504
4080 544
4080 -1296
2384 -2704
-1520 -2976
-4432 -2512
-3504 -1760
384 -1680
4080 -1664
4352 -128
2816 3824
1536 7248
2512 7520
4960 2960
6544 -1584
6608 -1760
4752 1760
2880 5152
1552 5264
-736 3840
-3536 3136
-4640 4016
-2096 5168
3232 5216
6672 4784
5632 4144
2112 4128
-672 4208
-1680 3760
-1504 1616
-1600 -2624
-1168 -5616
-1120 -5056
-2816 -1376
-5664 1264
-6288 224
-2128 -2240
3520 -2448
5280 160
2144 3488
-2208 5008
-2592 5856
256 6512
3744 7232
5040 7152
3152 6352
-1024 5056
-4896 2608
-4960 -560
-544 -3760
4800 -4240
6112 -3440
2528 -3232
-1952 -4528
-2672 -4992
304 -3200
3936 880
4336 3536
1456 4448
-2704 2896
-5792 1600
-5712 1872
-3360 3968
-848 6960
-496 8000
-1776 5040
-2784 0
-1856 -2624
832 -1952
3504 256
5408 -352
5088 -2528
2080 -3632
-2288 -2672
-4800 -1072
-3392 -1664
592 -3216
3184 -2864
3328 -528
3728 2832
5968 3664
7152 2320
4800 -1600
1264 -5056
976 -5088
3632 -1184
5632 3376
3088 4912
-1696 4016
-4304 2864
-2688 4784
176 6816
1888 5920
3408 2576
5296 864
6480 2704
4880 5296
784 6224
-3136 5136
-3616 4352
-944 4848
2048 5072
3216 3936
3136 928
3504 -1696
5296 -2560
6336 112
4928 4640
1904 7744
688 6400
1680 3184
1648 1504
-608 -1104
-1152 -4400
288 -4960
4896 -2304
5984 720
5184 1408
3040 -288
2320 -1760
2768 -32
2976 3600
2368 4688
3120 1264
6208 -3232
8608 -5040
6720 -2944
1744 -1168
-1888 -160
-1312 736
-32 2640
480 3888
-880 2448
-1376 -256
-816 -320
-512 3392
-1520 6624
-1968 5488
-880 1568
1696 -704
2640 1152
1872 5088
-768 6432
-2688 3120
-2544 -2240
-32 -4304
2224 -1520
2112 2688
-48 2752
-2000 -1232
-1616 -4800
-176 -3520
-304 1200
-1632 3280
-1792 1632
112 -880
1040 -864
-464 784
-2400 1376
-896 1536
3968 3808
7600 7072
7584 7888
5424 4000
3488 -176
3136 -2256
2800 384
2016 2864
2128 3472
3696 2224
5312 1696
5328 2768
3376 4992
0 7584
-2032 8016
-1840 4656
784 -400
3680 -3744
4400 -416
1936 6400
-912 12384
-1872 12656
-672 8848
336 4560
2528 2672
4976 2432
7872 1200
7360 -688
4224 -2576
-32 -2784
-592 688
32 4384
320 4032
416 592
912 -1808
2944 -1056
4496 1376
4496 496
3664 -2304
4048 -4128
5392 -352
6016 5248
4160 7872
768 6000
-3168 1632
-6864 -768
-9216 -1088
-10016 32
-10032 1760
-8784 3552
-6752 2592
-2864 -1040
2256 -4928
5856 -4400
5696 336
3632 4672
3168 5696
4288 3552
4880 1728
3536 2096
2016 3808
1568 3312
1360 768
384 -1312
-1440 -1392
-1536 1728
1568 4560
5360 4960
7680 2848
7120 672
5072 528
2288 160
-112 -2784
-1744 -8416
-1200 -11424
736 -8064
2384 -832
2800 4592
2144 4768
352 1008
-1376 -3232
-1920 -5632
432 -4928
4144 -2208
5664 672
4624 1328
2672 -592
2528 -1888
3312 128
3312 4048
2416 4928
3728 1344
6944 -3024
8704 -4000
6128 -2672
1072 -1536
-1712 -1024
-1344 560
448 2448
256 3296
-368 1904
-768 -352
-736 48
-688 3360
-1520 6336
-1824 5968
-784 2224
624 -384
2320 672
1664 2960
608 3792
-96 3040
400 1712
2064 -176
3488 400
3152 5600
-432 11504
-3728 12976
-4208 8992
-1856 3376
864 -544
1904 -1744
1744 -592
368 784
-976 400
-848 -2464
1168 -5856
4816 -5696
8048 -1600
7504 2992
4784 2816
3008 96
2080 -1584
2048 992
1296 4128
1936 4096
3872 384
6112 -3312
7088 -5088
6560 -4608
5888 -2592
4592 -544
2800 1216
1056 1264
1136 656
3120 816
5360 2848
6416 5952
6512 7984
6064 7296
5440 4368
3520 512
1808 -1760
1200 -720
1632 2160
2272 3344
3440 1888
5984 -432
7760 576
7552 5200
4336 8640
576 7632
-960 3632
-304 1072
1408 1664
2096 3776
1600 4576
224 2288
-2304 -2768
-4064 -8032
-3440 -10384
-528 -7648
2800 -2080
2720 1984
1152 1872
-784 -80
-1360 736
-752 3136
880 3056
3296 -1584
5024 -6256
4544 -5408
1056 336
-3456 5360
-5280 6048
-3168 4400
-1136 4064
-560 5376
-1904 6256
-3648 4144
-5008 560
-4000 -1056
-640 832
3584 4720
6128 6016
5008 3056
2560 -496
992 -528
416 2448
896 4240
2224 1680
4416 -2560
5888 -3584
4944 -2112
1536 -896
-2112 -2400
-3872 -3104
-3952 -528
-4176 3520
-4464 5152
-2192 3536
1728 3056
5280 5088
5616 6656
3680 4416
1984 -48
432 -1488
240 1072
800 3504
3344 1984
6528 -1888
6240 -3136
3104 -704
-1520 2688
-4544 3072
-4880 32
-3248 -3280
-1344 -3744
-560 -2416
-2128 -1968
-4288 -3472
-5040 -5152
-2352 -2400
2016 3808
4672 8784
4672 7840
2496 2720
640 -256
-880 352
-1776 2496
-976 1824
1456 -256
3728 736
2624 5920
-816 11152
-3680 12496
-3712 8816
-1232 3472
1216 -416
2320 -1776
2064 -320
576 1248
-1136 864
-1648 -2992
896 -6640
5120 -5808
7968 -1376
7056 2768
4896 2544
3072 -352
2496 -1232
1584 1056
1072 4064
2352 4000
3888 1152
5904 -2832
6512 -4896
6688 -5072
6096 -3072
4608 -320
2352 1792
2672 3648
1808 4832
-832 3344
-912 1776
-176 1008
448 2000
-992 3744
-2400 4992
-2880 3936
-1280 -48
896 -2912
1104 -1520
-16 3168
416 7216
3152 7488
5872 4752
5520 2576
1680 2112
-1344 2768
-1376 2080
576 -128
1408 -3136
-736 -3520
-3296 -1104
-4864 1296
-5216 1248
-3488 -1600
-1168 -3264
1232 -1504
1792 3136
1376 5840
1152 5184
2256 1968
2912 -896
2192 -2512
1040 -2000
1232 544
1184 3824
-480 5456
-3568 3392
-5808 288
-4720 208
-1568 4048
480 7040
16 5424
-1104 1168
-1488 -976
80 272
2256 1632
4848 -480
4976 -3968
2912 -5712
16 -3360
-224 944
592 4176
976 4208
-1488 1776
-3360 -1312
-2320 -3088
512 -1424
1200 1312
-912 2560
-2688 -80
-512 -5120
4080 -8592
6960 -8416
5536 -4624
1968 416
16 4496
1264 4336
3680 1952
5008 400
2960 1968
-608 4320
-1984 5456
-336 5264
1968 5408
2144 5712
1264 5136
1056 2928
3760 2128
5488 5184
4416 10064
1600 11632
1520 8848
4560 4800
6528 2224
4864 816
720 -2736
-272 -7344
1840 -8896
4352 -5760
4496 288
2928 5440
2032 7728
2224 6816
2336 3264
1824 -1808
2048 -5920
3440 -5760
4928 -1424
4672 4912
2800 9712
960 10304
544 8160
2208 4944
4992 2224
5440 -720
3696 -4160
1728 -7312
1648 -9072
3952 -6768
4944 -2160
3104 352
464 -944
656 -3280
2320 -3584
2240 -3008
-816 -2080
-2640 -2512
-752 -1520
3680 992
5408 2432
2480 416
-128 -3008
736 -2784
4304 2992
6928 9456
5792 11536
2832 9200
-272 5376
-1120 2208
112 944
704 1488
-336 3824
-2208 5200
-2992 3872
-1056 80
832 -2688
992 -1424
-800 3056
-112 6560
3424 7232
6544 4960
5440 2960
1552 2320
-1424 2768
-1200 2240
496 -400
704 -3344
-592 -4064
-2720 -1488
-4320 1648
-4688 1552
-3408 -1376
-1072 -3216
1232 -1312
1248 2704
576 3936
816 2496
1472 1856
1600 2048
2368 3680
2240 5072
2544 4832
4000 3296
3968 -528
2784 -5232
2752 -8640
4880 -7200
9088 -1936
11888 3344
11136 5744
6896 5248
2128 3520
-304 1600
656 -496
1696 -2384
16 -3824
-3424 -4800
-4512 -4864
-2544 -3072
-1024 848
-2064 4224
-3232 4320
64 1280
7296 -1136
10976 -1552
6576 384
-432 1216
-1024 1008
5808 1296
11584 2032
9520 2080
2400 384
-1504 -32
2240 1584
8240 3520
9424 4432
5408 2096
16 -544
-1872 -1824
-1584 -832
-1552 2000
-2960 5504
-4400 7488
-3216 6976
-112 5104
1680 3408
1024 2400
-144 880
2272 -1472
8272 -3792
12576 -2656
11488 1312
6928 6544
3616 9616
3152 9568
4016 6944
3840 2576
3056 -1744
3376 -3712
3776 -2176
2272 304
-160 1200
-1536 528
-448 752
1072 1648
1168 2464
1424 1168
1552 -592
1328 -432
-1312 1264
-4000 2848
-3728 1920
0 304
3680 -1504
2976 -2384
-1264 -2400
-5984 -1888
-8144 -1088
-6912 -1360
-3824 -1904
-752 -672
976 2432
416 4624
-944 3696
-16 -496
1824 -4256
4112 -3632
5440 -688
4912 2528
3632 3360
1488 1456
-912 -1280
-1792 -2480
-1632 -752
-848 3280
-1328 5280
-880 3584
1504 -688
5152 -1920
6912 1312
5296 5904
2496 7264
864 4720
352 816
240 -1344
-320 -1264
-272 416
-1232 2352
-3872 3696
-7968 3648
-8608 2928
-4464 3472
1376 5744
3568 6560
1360 4688
-1904 784
-3216 -528
-2592 448
-1040 2192
816 2528
2240 1936
2784 1504
1696 1296
-192 1088
-1040 480
-432 864
1008 1792
1776 2928
2448 4208
3456 4848
3936 3584
3600 -288
2624 -5792
3056 -8896
5424 -6800
8560 -1312
11344 3856
10896 5744
6928 5488
1808 4064
-496 1712
704 -480
1776 -2160
-256 -3568
-3568 -4896
-4752 -5632
-2192 -3728
-272 416
-1584 4224
-2928 4272
608 1600
7536 -704
10288 -880
5584 144
-976 496
-704 304
3760 1024
4016 2960
720 3232
-2848 3008
-4080 3712
-2672 3728
-864 2336
640 -512
2016 -1152
3536 2048
4096 5888
4224 6752
5120 3552
4992 -448
2736 -1360
-1664 512
-5040 4064
-7184 7024
-6464 7632
-4048 4944
864 432
6240 -2128
8560 -736
6768 2480
4048 3344
4368 2272
7888 1024
9872 2144
8832 3792
4640 3312
1088 -416
112 -4528
1408 -4720
2688 -1024
2176 4224
816 7072
-544 5632
1152 1120
5872 -1392
9536 -576
9360 1520
6112 1488
3728 -464
4880 -784
7488 1472
7792 4704
4464 4192
32 528
-3776 -4208
-6192 -5952
-6224 -4656
-3872 -1248
192 2704
3120 4528
4800 2336
4448 -2160
4288 -4736
3776 -2816
2560 1536
1424 3232
-64 1616
-1296 -896
-3296 -1808
-4560 -1456
-1872 -1728
3600 -1280
8352 896
8080 3200
2864 3600
-2320 624
-3840 -1904
-2016 -1840
944 496
2688 2976
3408 4736
3440 5744
3536 7216
3776 8256
3888 7376
3568 4720
2144 2592
1280 3168
1376 5888
2016 7824
704 5856
-1856 1504
-3728 -944
-3408 112
-1088 2416
-704 976
-464 -4624
256 -8352
432 -5296
32 848
-1152 2768
-2640 656
-1776 -1936
-2096 128
-2528 3328
-2928 3056
-1904 -400
-304 -672
368 3904
-352 9472
-512 9680
128 5744
-240 1280
-2288 784
-3936 2928
-3232 2672
-720 -528
1344 -3936
1872 -4912
1664 -2384
2160 464
2352 176
3216 -2944
3824 -5728
4048 -6112
3888 -4640
3472 -3408
3392 -2560
2544 -624
256 2608
-3264 4368
-4608 2832
-1008 -80
5232 -576
8880 1152
6880 3424
1424 3376
-2848 3152
-3728 3984
-2848 4336
-1152 2352
880 -576
2448 -496
2816 2304
3200 6096
4176 5952
5312 3136
5520 -480
2912 -1376
-752 336
-4288 4128
-6672 7552
-7024 7840
-4208 4592
960 -80
6464 -1760
8064 -464
6096 2624
3536 3008
4656 1712
8080 1136
10160 2576
8624 3856
4640 3056
1392 -352
832 -2208
1200 -1456
1072 1136
-80 2480
-1888 880
-2352 -16
-1488 -736
720 64
1696 256
1248 464
240 160
-352 1200
-784 1936
-1712 992
-2848 -3008
-1632 -6224
1840 -4432
3712 768
1856 5040
-960 3632
-1344 -1648
176 -4624
1104 -3232
928 -784
2096 368
5200 -928
6160 -2256
3616 -2784
-1024 -3072
-1600 -2320
3360 -80
8064 3040
7584 5344
2640 4048
-1184 1488
656 -832
5232 -2016
8320 -1360
6800 -16
2224 2496
-880 4896
256 6016
4224 5120
6448 4080
4848 2928
2080 2752
752 4144
240 6208
-144 6160
-1168 1920
-464 -2064
2512 -2656
4080 2304
2224 7792
-1664 8176
-3104 4432
-1456 272
112 464
240 2080
-80 2560
896 1664
1760 1408
784 2832
-1808 3408
-3232 2016
-2224 -656
-640 -2208
256 -1776
1392 -48
3184 2448
5184 4656
5232 5760
3472 5728
1040 4336
-864 1408
-2576 -2384
-3792 -5360
-3440 -3488
-576 2624
2768 8832
5728 10400
6592 6176
6032 1760
3808 864
528 3776
-3136 5184
-5664 4096
-6176 2144
-4880 1584
-2528 2320
-832 3056
-720 3312
-1568 3440
-320 3088
5056 2848
11744 2704
13840 3632
9632 3456
4800 1648
5984 -656
11632 -1760
14784 -416
10544 736
2992 128
-1648 -1152
-1248 -1488
-112 -720
-1280 416
-3808 928
-6096 368
-6416 -1168
-5216 -2848
-2624 -2704
944 -688
4688 1632
6720 80
6736 -4688
5024 -7984
2416 -5264
-912 1632
-3728 6928
-4400 6848
-3248 3072
-624 -368
1744 -2112
3712 -2720
5024 -3184
4928 -2032
3056 736
1152 3616
-192 4832
-1296 4016
-2336 2096
-2736 208
-1152 -432
928 -128
1984 576
1392 320
144 -48
256 896
-176 2032
-2240 1184
-2864 -3200
-1088 -6432
2608 -4080
3232 1584
944 5280
-1680 3232
-1456 -1920
16 -4832
896 -3216
720 -816
2272 320
5456 -608
6400 -1824
3344 -2816
-816 -3216
-800 -2448
3456 512
7696 3344
5696 4064
2848 2528
5280 1648
6416 2752
2240 3104
-1504 2368
-1504 1904
1728 1360
3872 688
3584 -1488
3440 -2912
4208 -3616
4736 -3552
2512 -5184
-656 -5744
-2336 -3568
-1792 1968
-144 6496
-576 6928
-2752 2864
-4672 -2464
-3248 -5808
1600 -5072
5328 -944
4576 3824
-880 4960
-4640 2832
-3456 -656
1376 -1072
4384 464
2048 1600
-1680 -560
-3648 -3104
-2464 -2832
-1776 448
-3104 3904
-3632 4528
-2592 4064
288 2736
2784 2176
2864 2336
320 2272
-3024 1440
-3216 -768
592 -2464
4720 -896
4928 4480
32 8528
-5200 7728
-5376 2064
-1472 -3520
1056 -4704
-896 -1792
-3488 2144
-2560 5600
1280 7696
3984 8256
4000 7104
3696 5680
4528 4880
5312 4736
3264 2976
-496 608
-1952 -1296
1136 -1152
6784 -720
10192 -1360
8576 -2960
3040 -2496
-1360 -816
-2208 1952
-192 3232
736 2384
-656 112
-3040 -2816
-3216 -3664
-1088 -1760
928 2000
2160 4416
2976 3600
4272 656
3488 -816
976 -1056
-1664 -544
-512 -352
2048 1344
2320 3920
-1824 5520
-5456 4096
-3904 720
2080 -2256
6896 -4368
7840 -5744
6736 -6736
7440 -6000
8112 -3968
7040 -1392
4288 -368
2496 288
3744 1440
5984 3712
7456 5760
7552 6576
7744 8224
8624 9456
8016 8880
5344 6080
304 2272
-3280 -688
-3056 -2064
-656 -2016
1728 -1008
1232 944
-912 2912
-1904 3712
512 3440
3664 2320
4384 1072
2800 -464
1184 -1200
464 656
-928 4256
-2480 6736
-3024 5168
-208 1296
1584 -1136
688 -304
-2128 1904
-1392 3696
4400 4480
10112 4720
10112 4560
4208 3360
-1056 2592
-1104 2016
1392 1568
3440 96
3584 -2112
3760 -3136
4640 -3376
4272 -3456
2400 -5200
-512 -6048
-2256 -3328
-2016 2048
-272 6400
-592 6912
-2448 3168
-5264 -1968
-3664 -5616
1200 -5440
5488 -1136
4576 3616
-896 4640
-4272 2176
-2624 -896
1968 -464
4208 1344
1472 1232
-1584 -880
-1792 -2032
-144 -672
768 848
464 944
-1392 -480
-3152 -2336
-3632 -3344
-2016 -3104
2224 -1920
5760 800
5072 3168
416 4176
-3152 4752
-3648 5568
-672 6320
2320 5168
3744 1824
3120 -1104
1568 -544
128 2832
128 6592
2224 8560
4992 8288
6384 5152
5952 848
5824 -2528
5728 -1504
4768 3248
1856 7312
-1040 7520
-1424 4928
640 3600
3472 3952
5360 3952
6624 1680
6848 -544
5776 -1152
2544 -928
-832 -1840
-1888 -4976
32 -5808
2992 -3584
4016 816
4944 4208
6128 4368
6144 1392
5600 -3120
3744 -6608
2000 -6464
368 -3200
-64 1104
1104 3232
3664 2144
4400 -96
1936 -2320
-2384 -3888
-4656 -4208
-1744 -3568
2944 -1456
5440 720
4048 2496
912 4080
-2160 5840
-3616 5776
-3264 3840
-592 1552
2432 1120
4416 1680
6528 2048
8192 1664
9888 1904
9984 2480
7056 2224
4064 1248
1936 1712
208 5488
-2976 8384
-6672 6624
-7408 208
-4560 -3856
-272 -624
-96 5760
-2992 8112
-5648 3728
-4240 -1312
-368 -2880
3312 -432
4096 784
1312 80
-1552 -2096
-3456 -784
-1552 2064
1504 4096
3088 3168
1072 1088
-944 512
-592 2576
2000 4480
3520 2752
2480 -624
688 -2656
-704 -288
288 2272
1568 1712
2032 -1504
944 -2336
-1632 992
-3120 3904
-1504 3600
2304 1200
5184 1888
2928 5296
-2416 6464
-6368 1744
-4512 -4528
-784 -5696
512 -416
-2544 4560
-5968 4608
-6912 -432
-5280 -4576
-3040 -4912
-992 -2416
2224 480
5168 896
7344 688
9120 32
9792 -384
8992 1008
6464 1536
3472 1520
1312 496
-880 -640
-3024 -2128
-4160 -3536
-2288 -3744
2464 -2112
5808 960
4736 3472
480 4112
-3264 4496
-3280 5776
-416 6752
2256 5360
4080 1888
3424 -832
1536 -256
-240 2928
-144 6128
2496 8096
5520 7904
6432 5408
6064 272
5680 -2816
6160 -1520
4320 3680
1200 7392
-1408 7232
-1312 4880
640 3664
2624 3616
2640 2704
880 368
-640 -992
-688 -1104
-2480 -2176
-1264 -4544
912 -5568
3072 -3536
1936 160
-1760 2464
-4320 1616
-3776 -208
-1856 -912
-736 -1088
-48 -1376
1280 -1936
3392 -1824
5520 -944
7136 1024
6336 2720
4480 4160
2880 5200
2208 6992
3392 8704
3776 8256
4064 3936
4464 -2640
6560 -6416
7440 -4880
5008 -368
-256 464
-4016 -2320
-3904 -4176
-2720 -944
-3152 4240
-4784 5440
-3536 2960
1008 1280
5728 4576
6944 9072
4880 8944
3552 3536
3232 -3408
3824 -6384
2928 -5952
2704 -4192
3280 -2688
5472 -1264
6848 672
6640 2336
5040 3712
2992 3648
1632 3632
592 3504
-544 3456
-2448 3168
-4144 1776
-4128 -256
-1184 -32
2464 2704
2784 6656
576 7968
-1808 6336
-2432 4672
-1888 4688
-2800 6096
-3296 6720
-2112 5152
16 2704
224 1280
-2288 1280
-4032 3408
-2544 5904
1552 6272
5392 1872
6464 -3856
5872 -4928
3296 704
464 8048
-1888 9792
-1376 4976
1728 -672
5552 -1504
7376 1440
6512 3920
3216 2944
-1184 1024
-4240 368
-3984 1408
-944 1296
2720 656
3360 -928
2512 -2208
2560 -3120
3728 -3248
4880 -2416
4256 -1120
3296 -64
3776 1904
5024 3776
4224 5216
2912 5872
1856 4816
2688 4672
3520 3600
1824 1776
-2528 1360
-4544 1392
-3920 1760
-144 800
4304 -976
7088 -656
7968 2928
4432 5264
592 1728
-1760 -5408
-480 -8496
1616 -3712
4192 4400
5360 8128
6032 4688
4384 -1296
176 -4352
-3616 -3824
-3808 -608
-1472 1392
96 1440
-1024 -800
-2992 -2944
-2912 -4240
-2592 -2960
-2416 -1792
-2800 -2304
-1328 -4528
1664 -5168
3040 -2944
1680 656
-1776 2448
-4016 1744
-3472 96
-2080 -1152
-752 -1248
288 -1984
1392 -1728
3248 -1568
4912 -752
6784 832
6528 3104
4128 4192
2624 5040
2224 6336
3552 8480
4080 8432
3520 4512
4064 -2720
6224 -6576
7568 -4608
4544 -448
-240 512
-2224 -1856
-240 -1744
3232 560
6096 3264
7120 5024
7520 3824
4016 1120
2432 -1104
752 -704
-352 2160
-1632 3696
-3568 3200
-3168 1056
32 384
4256 3008
4720 6560
1008 7232
-2384 4704
-1824 1376
1440 592
2896 1376
1728 1248
1200 -368
2160 320
3376 3936
1200 7008
-2288 6416
-2976 3456
224 2816
4656 4496
5904 6272
3984 5680
80 2928
-4288 1136
-6976 1248
-7312 1296
-3888 288
1744 -1616
5472 -2864
5776 -2176
2752 -1536
-528 -1056
-1968 -2608
-992 -3824
1168 -3728
1920 -1072
1696 1728
1392 2576
1760 1488
1968 624
768 1024
-1424 272
-1712 -2528
1728 -4816
4768 -3504
3808 768
-976 3120
-4400 1184
-3680 -2048
-656 -2128
592 1664
560 3984
2224 2672
5856 -304
9120 -2128
9808 -1632
8224 -1152
6432 -1440
4304 -2112
2448 -608
1200 3120
2480 7296
4752 8208
5536 5248
3552 -416
128 -2480
-1024 80
-192 3632
1696 2304
2496 -3552
2976 -9488
3824 -8976
4400 -3632
3584 2160
1152 3280
-2592 864
-5440 -2112
-7136 -3712
-5888 -2928
-4864 -880
-4688 1312
-4272 1488
-1328 -320
4368 -1776
8720 -752
8320 1648
4192 2864
640 2480
-1056 1232
-336 560
1376 64
4720 528
8128 1328
8192 3184
4144 3872
-2016 2304
-4560 240
-4176 336
-4336 3120
-6368 5600
-7472 5424
-4960 2704
-416 112
3152 -304
3792 3008
3248 8336
3184 11952
3120 10448
2512 4368
528 -720
-592 -896
-496 3104
1232 4896
3760 1632
5216 -4128
4912 -6592
2800 -3520
1344 800
1920 3376
4704 3408
7456 3792
9264 4608
9440 5440
7600 4192
5088 1152
2336 -992
608 -576
-320 1920
-1552 3712
-3536 2992
-3424 528
576 64
4400 2960
4496 6928
416 7200
-2720 4064
-1536 784
1744 592
2848 1568
1856 1088
1136 -224
2272 1024
2832 4560
656 7216
-2528 6176
-2576 3344
624 2736
4640 4656
6208 5776
4576 5072
1680 2560
-544 1376
176 704
1776 1504
2336 4288
928 5840
-1888 3648
-2896 -464
-1088 -1440
1184 304
1728 2704
832 2512
1536 -496
3952 -3280
5664 -4896
5168 -5840
2368 -5600
-864 -3024
-2512 272
-1840 2432
912 1072
4384 -896
6624 -1632
6768 -256
5904 1248
5328 2672
3648 3792
528 3808
-2240 1680
-1392 -1264
3200 -2832
8080 -816
7632 2960
3696 3936
736 1568
2208 -768
6032 -704
8064 1888
6192 3808
2320 4144
-1104 2832
-1632 576
304 -1872
3872 -2448
6112 -912
6832 2368
6288 3872
5808 3632
4336 1936
944 656
-2464 720
-3040 2384
192 5216
4224 8304
5408 9632
4224 7792
2704 4256
2736 1360
2400 432
1408 1584
-320 2544
-1648 3072
-1792 1344
-944 -1392
928 -3248
2832 -1904
3328 1056
1600 1664
-1776 -1520
-4016 -3584
-4400 -512
-4752 6160
-3824 7872
-1984 2624
1344 -4976
4576 -6864
6128 -1808
7328 3984
9024 4944
10160 1920
8880 -928
4960 -1600
1696 -912
816 -288
1520 448
432 1872
-1952 2784
-4064 2000
-4400 -16
-3376 -2080
-3184 -2816
-2848 -2032
-1424 -1552
944 -2000
3696 -3504
3920 -2992
784 -400
-5728 2144
-11136 2000
-10672 64
-4400 288
2560 3840
4816 6960
2176 6496
-336 3152
-1168 2576
-640 4752
-2592 6656
-4960 4544
-5600 352
-3024 -1360
-368 -32
608 1696
416 1616
1024 2016
2704 4496
5440 5808
7824 3280
9552 -1440
9552 -3200
7648 1056
5104 6800
3376 8800
1648 4272
-816 -1952
-3744 -4736
-4944 -1840
-4352 2880
-2560 5376
-656 3696
1024 1072
3008 1504
3120 4304
1120 6048
-1840 3440
-2704 -272
-1200 -1456
544 304
992 2240
480 1616
1856 -1072
4336 -3280
5584 -4720
5024 -5504
2448 -5504
-464 -2672
-2640 1024
-2256 2576
1008 928
4928 -1040
7008 -1520
6848 -256
5808 1344
5184 2496
3472 3616
208 3776
-2656 1216
-1264 -2000
3856 -2864
7728 -384
5632 2880
1808 2256
1760 -480
2752 400
2192 6528
-96 11216
-752 9824
560 5408
2400 864
3184 480
4160 2416
5872 3008
8000 1024
8176 -2832
5776 -4272
2160 -1760
-848 2624
-2080 4048
-1536 2256
448 352
2368 2064
3296 5936
3488 8112
3792 7376
3664 5552
1472 4864
-912 5072
-1792 4384
-368 3200
-48 2752
-2160 3008
-5248 1888
-4304 224
848 -800
5248 880
3856 2992
-1728 2624
-5264 976
-4576 -432
-2064 -384
-880 -544
-1424 -1584
-1600 -2192
-528 -1840
1392 -2128
2928 -3632
3888 -5632
3536 -5040
2752 -1984
1600 1024
304 768
-928 -1296
-1680 -1696
-272 848
3312 4896
7168 6848
8448 4880
6976 1168
4576 -1264
3680 304
3280 2112
1392 688
-704 -4832
-992 -9136
960 -7744
2656 -1584
2752 4272
2016 6880
1520 6608
-80 4864
-2352 1872
-3792 -2304
-1824 -4512
2832 -1984
5888 2160
5296 3248
3264 -320
2304 -3872
3952 -3072
6624 1280
8032 3840
8128 2656
6864 -272
4128 -896
1152 352
-1600 1744
-3408 912
-4112 -1360
-2368 -3312
528 -3904
2464 -3696
1088 -3968
-3712 -4944
-6352 -5968
-3760 -3616
1456 1936
3200 7488
1552 8144
-192 3184
480 -2896
3248 -5344
2848 -3552
-848 1760
-4624 5792
-4912 7696
-1856 7744
1488 6608
2336 6240
480 6816
-2576 5984
-4592 3472
-3744 512
-976 272
2112 2928
4336 3808
6560 1408
9008 -1728
9184 -1216
6304 3408
2576 6192
1824 3984
4624 288
6640 -512
5088 2480
848 5392
-2416 5680
-2976 3616
-1776 560
-368 -2896
1248 -4960
2880 -4496
2848 -96
1232 6400
-512 10592
-832 9808
800 5312
2112 1232
3152 320
4448 2192
6288 3328
7920 1424
7984 -2864
6112 -4656
2880 -1648
-624 2800
-2096 4160
-1360 1872
640 288
2352 2320
3008 5728
3088 7904
4080 6896
3840 5328
1792 5104
-1216 5088
-1792 4096
-112 2896
256 3168
-2752 3552
-5568 2336
-3280 304
1232 448
2192 2416
1648 1824
2240 -608
2096 1552
608 5280
-1072 5952
-2704 2976
-3760 -304
-5216 -192
-5008 2256
-1280 4608
4768 5344
8688 5536
6944 4688
1184 1408
-2960 -2704
-1632 -6048
1936 -5216
3072 -2000
928 -768
-1216 -2080
-1568 -2672
-1712 -816
-2592 1616
-3200 1824
-2272 -352
-880 -1792
144 -1632
-272 320
544 1680
3152 3040
5984 3312
7600 2128
7376 -112
5296 -1392
2688 -864
720 1024
-240 3264
-448 3952
-1136 3328
-2112 1552
-2256 976
-2128 1952
-1888 3856
-1456 4752
-336 3856
2032 3712
2816 5040
1120 8016
-2048 7760
-2464 4448
2352 -368
7808 -2768
8416 -2992
3248 -2864
-2800 -2032
-5360 544
-4416 2752
-3376 2496
-2832 -1072
-1568 -3760
528 -1984
2480 1888
2960 2816
1008 -656
-2032 -4096
-5712 -4160
-6816 -2368
-4912 -2128
-928 -3504
2896 -3024
4656 528
4832 5472
5264 7248
5600 5744
4672 2656
3664 2464
2624 6384
720 10144
-2000 9040
-3760 2704
-1808 -4144
2608 -5712
5584 -1056
3936 4064
976 5088
1424 2800
5568 544
9120 128
8464 -864
4912 -2256
2112 -2624
1408 -784
2800 1568
4416 2480
5776 1952
6800 1088
6912 576
5680 -256
3920 -352
2224 816
1056 3360
2656 4864
6160 4384
8672 3584
7664 2736
3712 1040
944 -1584
2032 -3136
5264 -400
5520 5216
1696 8688
-2592 4928
-3200 -2576
-1168 -8080
1472 -6640
2384 -2480
3280 64
4384 -2000
4592 -4896
5056 -5328
4592 -1696
4176 3024
1952 5584
-2000 4992
-5600 4144
-6464 5328
-4688 6496
-304 5824
1872 2160
3296 304
2128 1952
144 5680
-1488 6000
-2480 2528
-3264 -384
-4944 -96
-5024 2800
-1680 4720
4640 5136
8672 5280
6576 4160
1056 896
-2496 -3760
-736 -5744
1952 -4432
2496 -1696
496 -720
-1136 -1936
-1920 -2224
-2000 -496
-2768 1360
-3136 1552
-2000 -80
-896 -1440
-96 -1840
160 -288
1184 1744
2720 2672
2864 2672
-416 1760
-3632 -256
-1744 -1472
-1680 432
-1504 3392
-3072 6320
-3888 6256
-3504 2240
-2112 -2816
848 -5360
4704 -2976
6544 2976
4240 6848
64 6032
-2992 3520
-3120 3136
-1296 5088
656 5248
3184 3184
5040 336
5104 -560
2592 -768
-1296 -1840
-3744 -2640
-4064 -592
-2112 3216
576 5104
3168 4320
3744 1696
2640 640
752 432
224 832
864 240
1440 1280
1328 2672
864 3024
2656 1536
4544 -944
3488 -2080
48 -1712
-3824 16
-4368 2400
-2352 4080
208 4672
2320 3728
4336 1952
4800 528
3056 -992
-832 -2160
-3376 -2384
-3920 -1856
-1840 -2112
1152 -3520
4352 -3184
5648 464
4656 6304
592 8160
-3072 4528
-4448 -2304
-2688 -4848
-1088 -2768
-1024 1248
-2624 3088
-5152 3104
-6800 3184
-6576 3376
-3472 3760
784 4000
3808 4608
4016 4144
3856 2320
5504 -320
8432 64
8448 4384
5232 8832
1472 8320
528 3600
1552 -1200
480 -2336
-3168 80
-5040 1536
-2368 -128
2640 -3472
5632 -5424
4016 -4064
784 560
-224 3840
2208 3952
5728 1200
6672 -1984
4432 -3504
2400 -4640
3424 -5280
6912 -4128
8576 -1360
5952 1072
2576 1456
3136 160
7376 704
9952 4160
7152 7536
2880 8240
2272 6464
5936 4880
7904 3504
5152 1152
608 -2048
-752 -2000
2800 2720
5840 7792
4672 8528
448 4288
-3104 864
-3680 976
-1952 4176
48 5296
624 2160
688 -2960
2240 -5648
5104 -4576
7904 -912
8080 1904
5520 2608
3536 128
3600 -2336
3472 -2928
768 -1792
-4576 -576
-7632 -912
-6816 -1600
-3648 -1360
-1536 224
-1680 3280
-2592 6016
-3312 6352
-3856 2448
-2432 -3072
880 -5872
5040 -2656
6432 3232
3872 6928
-448 5616
-2832 3184
-2976 3680
-1584 5360
528 5472
3168 3072
5008 688
4928 -272
2256 -880
-992 -2160
-3296 -2304
-3888 272
-2256 3344
144 4976
3184 3776
4160 1472
2816 624
1248 624
880 400
2448 -864
4208 -480
4576 1904
3552 3328
2272 3632
2832 2464
3024 640
2656 -944
1568 -1408
464 1216
-640 4368
-880 4992
1248 3536
3488 2976
3024 5472
-1136 8032
-5216 5696
-5008 -368
-1232 -5904
1232 -6512
816 -3680
-928 -1488
128 -720
2832 -816
4640 400
3824 1728
1744 880
1792 -2304
3328 -6448
5456 -8000
4096 -6160
-64 -2656
-4304 400
-3792 2688
1520 5248
5968 8880
6336 10880
2672 8384
864 3312
2928 -16
5712 1184
4864 3504
992 3056
-1152 1840
832 3216
2560 7472
1136 9872
-2912 6592
-5232 208
-3712 -4016
-384 -3856
2160 -1872
2496 -1216
1152 -1920
-928 -2032
-1584 -592
-432 1408
1856 2864
3440 3072
2848 1504
2240 -896
3024 -2336
5504 -752
6608 2960
5680 5360
3264 4128
240 -256
-848 -5136
-128 -7824
2256 -8016
3376 -6192
832 -2992
-3968 -1616
-5936 -1888
-2048 -3344
4448 -4192
7664 -4208
5920 -3280
1872 -912
-400 2896
-496 5408
-256 5120
-848 1520
-656 -2240
-448 -3376
-816 -3408
-2688 -3280
-3440 -2448
-1776 304
1760 4272
4400 5328
4880 2496
4192 320
2656 2208
1840 6720
2704 7392
4080 2976
4384 -2688
2688 -4512
1360 -2032
2096 960
4816 848
5728 -1120
3280 -2336
-272 -1488
-1968 1424
-1392 4448
-928 6480
-1312 6848
-736 5728
-384 3296
80 384
-1296 -2640
-2128 -2992
-256 -656
4000 3920
7232 6848
6848 6928
2512 5344
-1936 4784
-3936 4912
-2160 5312
1456 5984
4352 8368
3152 10928
96 10656
-1168 5888
1424 224
5136 -2832
6800 -1584
5376 1152
3712 2896
3232 3280
3024 2864
2592 832
1968 -880
1296 -1184
-32 1680
-1328 4528
-1248 4624
1280 3168
4224 3136
3024 5920
-1472 8320
-5280 5456
-4624 -656
-1088 -5712
1568 -6016
624 -3616
-640 -1120
-128 -368
2416 -576
3888 256
3776 768
2016 736
1552 -2544
3328 -6528
5424 -7792
4336 -4832
1056 -624
-2016 608
-2688 1200
-3040 -1504
-1232 -3280
576 -2736
80 208
-736 1872
400 1248
2384 -576
3168 -2576
1472 -3680
-1008 -2592
-1824 1824
-1184 6704
480 8400
1344 5296
608 608
-1104 -2192
-1952 -720
-1056 2592
160 5136
1600 4736
1984 2384
3376 896
4112 2160
2064 5472
-2848 5648
-5664 2896
-2736 704
3360 3008
6512 8400
4480 9504
1344 3904
1984 -4256
5536 -7088
5664 -3888
272 624
-5152 864
-6048 -2304
-1744 -3904
2448 -2016
3856 1216
2720 1552
1744 -592
880 -2816
-80 -2496
-864 1056
-848 4480
-224 4992
848 688
992 -4432
0 -6336
-1408 -3328
-1712 2112
-96 5616
1984 5856
2608 4288
1104 1920
-528 16
-336 160
1104 2768
624 5664
-1936 6000
-4768 3440
-5952 1872
-5344 3088
-3632 4800
-1152 5104
3616 2976
7616 2096
8976 2992
7296 4672
4320 4576
1792 2112
-1808 48
-5120 -2288
-6112 -4160
-2192 -5920
3008 -6160
5088 -4448
2880 -2128
-80 -480
48 -768
1984 -1568
3344 -1632
4240 176
4832 3760
6944 6480
6736 6960
5392 4368
4512 1616
6080 1344
8864 3616
9504 4400
5984 2176
-320 512
-5152 848
-4240 1536
1072 688
7056 -1312
9136 -1904
6928 -336
4400 512
4480 -848
6208 -3360
6480 -4896
5440 -3488
4336 -416
4192 2672
3504 3856
912 3616
-304 2720
1936 2896
5616 5376
5888 7728
1776 8720
-3104 7360
-5120 5376
-3536 4304
-672 1872
2048 -976
5344 -2816
7952 -1584
8272 288
5776 304
1824 -1280
-1856 -1984
-4912 -912
-6608 1040
-6528 288
-4464 -1968
-1216 -3632
608 -2320
48 112
-144 1504
512 2032
1904 352
2432 -2272
1200 -4064
-336 -2864
-1760 2144
-1232 7088
96 8288
1296 5312
656 416
-1312 -2384
-1840 -1296
-672 1920
1008 5088
1408 5232
1888 2512
3120 560
4224 2384
1968 5680
-3152 6272
-6400 2912
-2864 400
3168 2384
4880 5904
2240 5712
320 3104
-1184 1008
-3440 -432
-5568 -1648
-2912 -1760
720 704
3248 2528
3600 1328
3296 -1360
3712 -2848
3152 -224
240 3664
-3952 4880
-5232 3248
-3184 2432
-1392 3808
-1792 5376
-2688 3728
-976 -512
2896 -2448
3968 -1552
1120 384
-2592 -1104
-1344 -5248
4224 -8848
9280 -8224
9872 -4448
6208 256
2224 3904
16 4624
1280 2192
4128 464
7360 384
6624 2416
3568 2192
-624 -480
-832 -3072
3040 -2320
8304 2832
10528 8304
8416 10672
3456 9104
-720 5664
-400 3088
2320 3312
4096 4560
2400 4720
-1200 2304
-2944 -1216
-2320 -2560
-2016 -1168
-3904 -160
-5440 -1104
-3408 -2400
784 -608
4144 3600
3920 5792
2992 3648
3248 -272
3344 -512
544 2656
-3920 4816
-6368 3888
-4768 1504
-2352 768
-1040 2000
-1568 3456
-1360 4672
-224 6000
384 8128
640 9856
1344 9392
3168 5760
4080 -224
3728 -4096
3136 -3376
3248 1680
4832 5808
6208 5312
5808 1328
3792 -1328
1232 336
192 3248
1040 3040
2720 656
1776 -672
-2320 1008
-5680 3248
-4848 3488
368 1728
5600 864
7824 1056
7376 1152
6016 624
3344 240
-736 768
-4112 1072
-3760 1312
-16 1056
4144 1280
6656 1616
7568 1728
7312 1344
4544 672
-448 64
-5440 -592
-5248 96
-1376 1952
2720 2704
2528 1008
176 -704
-368 -80
1888 2752
4736 3280
5904 -48
5120 -4208
3968 -3328
3568 1856
3872 6320
3904 5424
3696 -112
2752 -4672
976 -6848
-160 -6176
-992 -4976
-1424 -3520
-1744 -1984
-1824 128
-1968 1536
-3536 1456
-5376 -240
-5808 -2160
-2960 -1264
960 976
3360 2880
3456 1808
3440 -2016
4512 -3632
3728 16
288 3504
-4160 4928
-5136 3472
-3888 1936
-1440 4096
-2800 4576
-2912 3248
-240 -688
3632 -2256
4176 -656
480 912
-2704 -672
-1104 -4704
3872 -8096
8960 -8464
9968 -4784
6768 144
2512 4256
112 4496
352 2096
2304 208
2704 832
1648 1456
1264 1296
976 1120
1648 912
1648 1376
1264 1984
592 1376
1216 816
2112 912
2000 1696
1024 1776
1344 1104
1920 992
2128 1712
1584 1728
1088 1296
1472 848
1776 1456
1520 1632
720 1120
1296 560
1808 640
1776 1456
944 1520
688 992
1552 912
1600 1472
1248 2064
784 1648
912 1184
1792 1536
1456 2048
768 1968
1056 1376
1568 1472
1712 2048
768 2112
400 1296
1232 672
1744 1168
1536 1856
560 1664
944 992
1472 1296
1312 1856
848 1776
640 1152
1392 880
1696 1728
1152 2208
448 1856
816 1120
1568 1680
1264 2256
544 2064
544 1088
1360 736
1792 1808
992 1744
736 1296
1344 608
2128 1456
1456 1824
656 1840
880 1264
1424 1504
1392 2096
464 1824
400 992
1056 880
1680 1648
976 2224
544 1568
1088 928
1824 1232
1520 2032
976 2240
848 1184
1536 1360
1792 1936
1056 2176
672 1440
1040 880
1600 1312
1104 1856
544 1200
784 736
1968 992
1632 2128
864 2304
448 1488
1248 1344
1200 1808
912 2192
432 1632
960 1072
1568 1248
1520 1904
832 1904
1088 1008
1680 928
2000 1968
1216 2080
624 1632
1184 1168
1360 1552
1136 2032
208 1520
624 768
1536 784
1536 1760
816 1968
672 1568
1312 1328
1504 1824
800 2000
336 1776
928 928
1696 1360
1600 1984
752 1984
976 1248
1680 1248
1776 2064
896 2272
640 1376
1088 1024
1744 1360
1296 1728
592 1456
1024 688
1760 1344
1696 2208
592 2000
400 1376
1296 896
1664 1616
1152 2336
496 2176
768 912
1552 1520
1136 2160
576 1520
864 864
1776 928
1680 1984
928 2064
656 1552
1216 864
1632 1392
1280 2144
400 1584
880 800
1472 976
1568 1680
992 1776
752 1440
1344 1328
1424 1840
656 2240
160 1488
944 880
1728 1312
1520 1968
848 1968
1008 1392
1616 1392
1632 2096
1072 1824
448 1376
1232 864
1792 1248
1584 1856
816 1568
896 928
1696 1392
1504 2064
512 2288
352 1344
736 768
1440 1296
1040 1904
704 1520
1120 1376
1696 1568
1312 2208
656 1792
768 960
1840 1088
1760 1920
1200 2096
544 1568
1200 832
1472 1552
1184 1856
576 1488
720 1120
1472 1008
1376 1792
864 1664
784 912
1520 1056
1664 1888
976 2368
400 1952
1040 1440
1680 1328
1360 2352
624 1584
608 1200
1504 816
1840 1808
976 1952
688 1296
1296 928
1808 1296
1600 1792
624 1712
1056 944
1680 1136
1328 1936
288 1696
464 832
1360 992
1856 1712
1136 2240
320 1728
592 992
1232 1344
1376 1920
528 1728
976 1184
1616 896
2032 1824
1408 2160
1008 1632
1280 1232
1712 1440
1216 1952
480 1584
816 832
1760 1200
1264 2080
400 2208
160 1376
944 1056
1344 1168
1104 1984
464 1424
832 944
1760 1152
1744 1808
928 1600
1168 1296
1888 1520
1504 2272
992 2448
320 1968
944 1008
1184 1184
768 1536
496 1328
768 656
1824 912
1680 1920
1072 2016
848 1296
1568 1424
1696 1824
896 2432
80 1616
704 1024
1360 1136
1632 1936
768 2000
832 1424
1664 1296
1472 1952
880 1888
880 1280
1488 832
1856 1680
1184 1920
384 1536
960 736
1488 896
1744 1744
704 2128
448 1504
1232 1280
1472 1696
1136 2048
608 1536
768 1040
1696 1440
1408 1936
752 1984
1072 1184
1728 1408
1712 2128
896 2352
416 1408
1056 672
1824 944
1456 1840
720 1696
784 1232
1584 1328
1376 1872
656 1744
688 1216
1696 880
1408 1232
1120 2512
320 1424
912 912
1824 992
1472 2000
704 1872
752 1072
1696 1008
2000 1920
1152 2112
608 1456
1008 1056
1376 1568
1072 2160
480 1712
544 1056
1456 1120
1616 1680
800 1952
704 1616
1216 1296
1168 1632
496 1984
400 1280
1072 816
1968 1488
1616 2336
592 1968
992 1152
1536 1392
1904 2240
1024 2208
528 1632
1136 800
1744 1344
1200 1696
624 1168
928 832
1584 1408
1296 2032
592 1984
656 1200
1104 1008
1520 1584
1104 2032
528 1936
1104 1248
1504 1488
1408 2112
880 1776
1088 1312
1824 1280
1456 1904
976 2064
480 1280
1280 832
1840 1440
1280 2320
432 1856
656 1056
1104 992
1488 1728
784 1296
768 992
1664 784
2000 1712
1296 2288
432 1856
864 1248
1344 1472
1216 2256
368 1584
768 1008
1776 736
2064 1456
1264 1824
976 1616
1232 1248
1584 1840
1200 2128
544 1744
1040 912
1552 1184
1568 2080
464 1744
512 1056
1232 800
1760 1776
1088 2192
544 1968
800 1232
1392 1376
1296 1696
832 1776
1088 816
1824 1152
1936 1856
944 2224
656 1344
1136 800
1504 1264
944 1760
544 1424
912 816
1712 1056
1632 1712
704 1904
336 1232
1168 1184
1552 1760
800 2544
656 1728
1008 1248
1904 1600
1360 2128
736 2192
656 1360
1248 1024
1456 1680
848 1728
736 1168
1392 816
1680 1392
1328 1968
384 1712
912 864
1504 1248
1584 1904
592 1952
560 1456
1264 800
1440 1520
1200 1616
272 1488
864 1072
1808 1456
1360 2192
720 1696
576 896
1728 880
2096 1824
1168 2160
944 1776
1104 1600
1600 1840
784 2304
288 1744
544 624
1376 1040
1264 1632
928 1824
752 1280
1408 1280
1584 1664
768 2464
496 1552
992 1152
1904 1184
1696 1952
816 1872
688 1152
1584 960
1728 1488
1008 1552
688 1216
1280 784
1632 1456
1280 2304
544 1632
624 720
1376 848
1504 1824
864 1728
688 1440
1424 1152
1648 1968
992 2320
400 1680
800 1184
1632 1504
1376 2224
512 1968
480 960
1632 1040
1728 1584
912 2176
656 1344
1072 688
1744 1392
1424 1680
1040 1536
1184 1216
1680 1504
1344 1936
624 1680
592 1120
1280 1088
1488 1712
944 2416
144 1616
832 1024
1664 1056
1536 1616
896 1792
784 1168
1520 1104
1792 1728
1024 2000
880 1296
1664 880
1744 1776
1536 2256
608 1888
736 1280
1392 1168
1280 2240
528 2192
224 1376
1184 912
1312 1408
944 1712
624 1360
1232 704
1792 1216
1744 2064
1040 1984
1024 1376
1744 1136
1328 2048
784 2144
400 1216
1152 1232
1696 1472
1136 2304
544 1632
592 640
1424 1072
1392 1968
592 1824
416 1136
1328 592
1584 1408
1184 1968
560 1680
960 1040
1440 1456
1328 1920
624 1632
928 1024
1696 1376
1824 1936
944 1824
864 1136
1312 752
2032 1536
1264 1984
800 1696
528 1008
1264 1376
1104 1840
576 1808
576 880
1392 1056
1920 1408
1264 2032
976 1568
1296 1296
1824 1856
1328 2544
400 2128
656 1408
1696 1136
1504 1632
784 1856
272 784
1600 448
2112 1392
1648 2128
448 1728
832 1152
1632 1472
1488 1840
